100
1 2 1
1 3 1
1 4 1
2 5 1
2 6 1
3 7 1
3 8 1
4 9 1
5 10 1
6 11 1
7 12 1
8 13 1
9 14 1
10 15 1
11 16 1
12 17 1
13 18 1
14 19 1
15 20 1
16 21 1
17 22 1
18 23 1
19 24 1
20 25 1
21 26 1
22 27 1
23 28 1
24 29 1
25 30 1
26 31 1
27 32 1
28 33 1
29 34 1
30 35 1
31 36 1
32 37 1
33 38 1
34 39 1
35 40 1
36 41 1
37 42 1
38 43 1
39 44 1
40 45 1
41 46 1
42 47 1
43 48 1
44 49 1
45 50 1
46 51 1
47 52 1
48 53 1
49 54 1
50 55 1
51 56 1
52 57 1
53 58 1
54 59 1
55 60 1
56 61 1
57 62 1
58 63 1
59 64 1
60 65 1
61 66 1
62 67 1
63 68 1
64 69 1
65 70 1
66 71 1
67 72 1
68 73 1
69 74 1
70 75 1
71 76 1
72 77 1
73 78 1
74 79 1
75 80 1
76 81 1
77 82 1
78 83 1
79 84 1
80 85 1
81 86 1
82 87 1
83 88 1
84 89 1
85 90 1
86 91 1
87 92 1
88 93 1
89 94 1
90 95 1
91 96 1
92 97 1
93 98 1
94 99 1
95 100 1
